{
  "instance_name": "weifang_adapted_m3_k32_v1",
  "source_note": "Adapted real-farm scenario inspired by a reported Weifang farmland case and mapped to the user's MOSWRF model.",
  "num_robots": 3,
  "num_tasks": 32,
  "num_nodes": 33,
  "robot_capacity": [
    168,
    118,
    168
  ],
  "robot_speed": [
    0.83,
    1.15,
    1.08
  ],
  "task_demand": {
    "0": 0,
    "1": 13,
    "2": 15,
    "3": 7,
    "4": 10,
    "5": 9,
    "6": 14,
    "7": 14,
    "8": 12,
    "9": 9,
    "10": 9,
    "11": 9,
    "12": 10,
    "13": 8,
    "14": 7,
    "15": 10,
    "16": 10,
    "17": 5,
    "18": 16,
    "19": 14,
    "20": 9,
    "21": 11,
    "22": 9,
    "23": 13,
    "24": 11,
    "25": 10,
    "26": 8,
    "27": 9,
    "28": 10,
    "29": 10,
    "30": 12,
    "31": 10,
    "32": 11
  },
  "task_service_time": {
    "0": 0,
    "1": 77,
    "2": 97,
    "3": 45,
    "4": 56,
    "5": 44,
    "6": 90,
    "7": 98,
    "8": 69,
    "9": 46,
    "10": 44,
    "11": 50,
    "12": 51,
    "13": 42,
    "14": 32,
    "15": 60,
    "16": 44,
    "17": 23,
    "18": 110,
    "19": 88,
    "20": 66,
    "21": 61,
    "22": 59,
    "23": 83,
    "24": 64,
    "25": 54,
    "26": 49,
    "27": 57,
    "28": 60,
    "29": 73,
    "30": 89,
    "31": 69,
    "32": 72
  },
  "task_precedence": [],
  "coordinates": {
    "0": [
      11.71875,
      76.397516
    ],
    "1": [
      7.324219,
      24.223602
    ],
    "2": [
      15.136719,
      14.285714
    ],
    "3": [
      20.996094,
      9.937888
    ],
    "4": [
      22.949219,
      31.055901
    ],
    "5": [
      22.460938,
      47.826087
    ],
    "6": [
      26.367188,
      67.701863
    ],
    "7": [
      26.367188,
      82.608696
    ],
    "8": [
      33.691406,
      81.36646
    ],
    "9": [
      40.039062,
      91.304348
    ],
    "10": [
      45.898438,
      88.819876
    ],
    "11": [
      53.222656,
      83.850932
    ],
    "12": [
      41.992188,
      65.217391
    ],
    "13": [
      51.269531,
      65.838509
    ],
    "14": [
      57.617188,
      61.490683
    ],
    "15": [
      67.382812,
      78.881988
    ],
    "16": [
      73.730469,
      83.229814
    ],
    "17": [
      83.007812,
      83.850932
    ],
    "18": [
      83.496094,
      65.838509
    ],
    "19": [
      77.148438,
      63.354037
    ],
    "20": [
      73.242188,
      44.099379
    ],
    "21": [
      81.542969,
      42.236025
    ],
    "22": [
      89.355469,
      41.614907
    ],
    "23": [
      74.21875,
      29.813665
    ],
    "24": [
      82.519531,
      27.950311
    ],
    "25": [
      89.84375,
      21.73913
    ],
    "26": [
      88.378906,
      8.074534
    ],
    "27": [
      79.589844,
      9.31677
    ],
    "28": [
      71.289062,
      8.695652
    ],
    "29": [
      58.105469,
      8.074534
    ],
    "30": [
      50.78125,
      26.708075
    ],
    "31": [
      44.433594,
      31.055901
    ],
    "32": [
      38.574219,
      31.055901
    ]
  },
  "distance_matrix_str_keys": {
    "0,0": 0.0,
    "0,1": 52.358659,
    "0,2": 62.205775,
    "0,3": 67.104033,
    "0,4": 46.711727,
    "0,5": 30.524108,
    "0,6": 17.034997,
    "0,7": 15.910861,
    "0,8": 22.527495,
    "0,9": 32.003964,
    "0,10": 36.367102,
    "0,11": 42.167851,
    "0,12": 32.271911,
    "0,13": 40.93601,
    "0,14": 48.258474,
    "0,15": 55.71948,
    "0,16": 62.386967,
    "0,17": 71.677638,
    "0,18": 72.549843,
    "0,19": 66.717137,
    "0,20": 69.485992,
    "0,21": 77.733063,
    "0,22": 85.072264,
    "0,23": 77.950659,
    "0,24": 85.789756,
    "0,25": 95.347023,
    "0,26": 102.687922,
    "0,27": 95.426998,
    "0,28": 90.178514,
    "0,29": 82.581823,
    "0,30": 63.205375,
    "0,31": 55.911744,
    "0,32": 52.697991,
    "1,0": 52.358659,
    "1,1": 0.0,
    "1,2": 12.641075,
    "1,3": 19.773765,
    "1,4": 17.053473,
    "1,5": 28.039215,
    "1,6": 47.465712,
    "1,7": 61.412164,
    "1,8": 62.93278,
    "1,9": 74.633018,
    "1,10": 75.237285,
    "1,11": 75.246827,
    "1,12": 53.687604,
    "1,13": 60.522648,
    "1,14": 62.595671,
    "1,15": 81.206981,
    "1,16": 88.834245,
    "1,17": 96.350531,
    "1,18": 86.798358,
    "1,19": 80.041317,
    "1,20": 68.849293,
    "1,21": 76.37323,
    "1,22": 83.854538,
    "1,23": 67.127692,
    "1,24": 75.287604,
    "1,25": 82.556923,
    "1,26": 82.647775,
    "1,27": 73.787087,
    "1,28": 65.822628,
    "1,29": 53.287219,
    "1,30": 43.527993,
    "1,31": 37.733089,
    "1,32": 31.988167,
    "2,0": 62.205775,
    "2,1": 12.641075,
    "2,2": 0.0,
    "2,3": 7.296291,
    "2,4": 18.500658,
    "2,5": 34.330756,
    "2,6": 54.583957,
    "2,7": 69.239825,
    "2,8": 69.59959,
    "2,9": 80.944405,
    "2,10": 80.632653,
    "2,11": 79.308626,
    "2,12": 57.578225,
    "2,13": 62.954514,
    "2,14": 63.505113,
    "2,15": 83.08028,
    "2,16": 90.47937,
    "2,17": 97.18953,
    "2,18": 85.619477,
    "2,19": 79.076884,
    "2,20": 65.307734,
    "2,21": 72.048664,
    "2,22": 79.090503,
    "2,23": 61.08849,
    "2,24": 68.754379,
    "2,25": 75.077919,
    "2,26": 73.50508,
    "2,27": 64.644379,
    "2,28": 56.429907,
    "2,29": 43.415346,
    "2,30": 37.747154,
    "2,31": 33.757163,
    "2,32": 28.819361,
    "3,0": 67.104033,
    "3,1": 19.773765,
    "3,2": 7.296291,
    "3,3": 0.0,
    "3,4": 21.208139,
    "3,5": 37.916506,
    "3,6": 58.013149,
    "3,7": 72.869026,
    "3,8": 72.547997,
    "3,9": 83.565157,
    "3,10": 82.719374,
    "3,11": 80.633054,
    "3,12": 59.132558,
    "3,13": 63.571695,
    "3,14": 63.236028,
    "3,15": 83.096429,
    "3,16": 90.291864,
    "3,17": 96.481041,
    "3,18": 83.85183,
    "3,19": 77.500779,
    "3,20": 62.423247,
    "3,21": 68.622837,
    "3,22": 75.342138,
    "3,23": 56.81283,
    "3,24": 64.106011,
    "3,25": 69.851765,
    "3,26": 67.408571,
    "3,27": 58.597042,
    "3,28": 50.308307,
    "3,29": 37.156127,
    "3,30": 34.181789,
    "3,31": 31.548168,
    "3,32": 27.476553,
    "4,0": 46.711727,
    "4,1": 17.053473,
    "4,2": 18.500658,
    "4,3": 21.208139,
    "4,4": 0.0,
    "4,5": 16.777293,
    "4,6": 36.805014,
    "4,7": 51.665977,
    "4,8": 51.444601,
    "4,9": 62.625379,
    "4,10": 62.1558,
    "4,11": 60.858823,
    "4,12": 39.110639,
    "4,13": 44.853873,
    "4,14": 46.131811,
    "4,15": 65.281535,
    "4,16": 72.806954,
    "4,17": 79.964679,
    "4,18": 69.826599,
    "4,19": 63.092986,
    "4,20": 51.956858,
    "4,21": 59.65084,
    "4,22": 67.240484,
    "4,23": 51.284578,
    "4,24": 59.651209,
    "4,25": 67.540214,
    "4,26": 69.348303,
    "4,27": 60.669187,
    "4,28": 53.260878,
    "4,29": 42.001252,
    "4,30": 28.169585,
    "4,31": 21.484375,
    "4,32": 15.625,
    "5,0": 30.524108,
    "5,1": 28.039215,
    "5,2": 34.330756,
    "5,3": 37.916506,
    "5,4": 16.777293,
    "5,5": 0.0,
    "5,6": 20.255993,
    "5,7": 35.001267,
    "5,8": 35.37061,
    "5,9": 46.897224,
    "5,10": 47.220834,
    "5,11": 47.371645,
    "5,12": 26.152001,
    "5,13": 33.976203,
    "5,14": 37.718472,
    "5,15": 54.611755,
    "5,16": 62.305607,
    "5,17": 70.453626,
    "5,18": 63.637549,
    "5,19": 56.849273,
    "5,20": 50.917813,
    "5,21": 59.345894,
    "5,22": 67.182267,
    "5,23": 54.802541,
    "5,24": 63.262003,
    "5,25": 72.256299,
    "5,26": 76.976389,
    "5,27": 68.896149,
    "5,28": 62.57297,
    "5,29": 53.392121,
    "5,30": 35.327192,
    "5,31": 27.641215,
    "5,32": 23.256762,
    "6,0": 17.034997,
    "6,1": 47.465712,
    "6,2": 54.583957,
    "6,3": 58.013149,
    "6,4": 36.805014,
    "6,5": 20.255993,
    "6,6": 0.0,
    "6,7": 14.906833,
    "6,8": 15.503722,
    "6,9": 27.276316,
    "6,10": 28.76526,
    "6,11": 31.337016,
    "6,12": 15.82129,
    "6,13": 24.97196,
    "6,14": 31.861281,
    "6,15": 42.512076,
    "6,16": 49.843732,
    "6,17": 58.897816,
    "6,18": 57.159286,
    "6,19": 50.967038,
    "6,20": 52.481834,
    "6,21": 60.769036,
    "6,22": 68.17663,
    "6,23": 61.035134,
    "6,24": 68.798776,
    "6,25": 78.369935,
    "6,26": 86.028318,
    "6,27": 79.002976,
    "6,28": 74.160014,
    "6,29": 67.548034,
    "6,30": 47.71307,
    "6,31": 40.857332,
    "6,32": 38.625615,
    "7,0": 15.910861,
    "7,1": 61.412164,
    "7,2": 69.239825,
    "7,3": 72.869026,
    "7,4": 51.665977,
    "7,5": 35.001267,
    "7,6": 14.906833,
    "7,7": 0.0,
    "7,8": 7.428817,
    "7,9": 16.202916,
    "7,10": 20.495084,
    "7,11": 26.884183,
    "7,12": 23.379438,
    "7,13": 30.022756,
    "7,14": 37.716481,
    "7,15": 41.184582,
    "7,16": 47.367353,
    "7,17": 56.654245,
    "7,18": 59.539492,
    "7,19": 54.30909,
    "7,20": 60.664925,
    "7,21": 68.368994,
    "7,22": 75.153272,
    "7,23": 71.253683,
    "7,24": 78.362138,
    "7,25": 87.945312,
    "7,26": 96.957694,
    "7,27": 90.577909,
    "7,28": 86.493427,
    "7,29": 81.010245,
    "7,30": 60.999392,
    "7,31": 54.626786,
    "7,32": 52.978319,
    "8,0": 22.527495,
    "8,1": 62.93278,
    "8,2": 69.59959,
    "8,3": 72.547997,
    "8,4": 51.444601,
    "8,5": 35.37061,
    "8,6": 15.503722,
    "8,7": 7.428817,
    "8,8": 0.0,
    "8,9": 11.792131,
    "8,10": 14.302624,
    "8,11": 19.688634,
    "8,12": 18.157517,
    "8,13": 23.454376,
    "8,14": 31.104494,
    "8,15": 33.782887,
    "8,16": 40.082398,
    "8,17": 49.378948,
    "8,18": 52.169188,
    "8,19": 47.04212,
    "8,20": 54.34243,
    "8,21": 61.813939,
    "8,22": 68.400832,
    "8,23": 65.575577,
    "8,24": 72.370372,
    "8,25": 81.905459,
    "8,26": 91.446318,
    "8,27": 85.427305,
    "8,28": 81.820719,
    "8,29": 77.251232,
    "8,30": 57.267808,
    "8,31": 51.444601,
    "8,32": 50.546951,
    "9,0": 32.003964,
    "9,1": 74.633018,
    "9,2": 80.944405,
    "9,3": 83.565157,
    "9,4": 62.625379,
    "9,5": 46.897224,
    "9,6": 27.276316,
    "9,7": 16.202916,
    "9,8": 11.792131,
    "9,9": 0.0,
    "9,10": 6.364345,
    "9,11": 15.144655,
    "9,12": 26.15997,
    "9,13": 27.832219,
    "9,14": 34.609899,
    "9,15": 30.033243,
    "9,16": 34.645476,
    "9,17": 43.610399,
    "9,18": 50.368865,
    "9,19": 46.457784,
    "9,20": 57.712708,
    "9,21": 64.267213,
    "9,22": 70.008203,
    "9,23": 70.351654,
    "9,24": 76.277941,
    "9,25": 85.555985,
    "9,26": 96.249376,
    "9,27": 91.028717,
    "9,28": 88.321906,
    "9,29": 85.168052,
    "9,30": 65.48338,
    "9,31": 60.408503,
    "9,32": 60.266252,
    "10,0": 36.367102,
    "10,1": 75.237285,
    "10,2": 80.632653,
    "10,3": 82.719374,
    "10,4": 62.1558,
    "10,5": 47.220834,
    "10,6": 28.76526,
    "10,7": 20.495084,
    "10,8": 14.302624,
    "10,9": 6.364345,
    "10,10": 0.0,
    "10,11": 8.850682,
    "10,12": 23.923547,
    "10,13": 23.600675,
    "10,14": 29.735734,
    "10,15": 23.671501,
    "10,16": 28.387863,
    "10,17": 37.440567,
    "10,18": 44.065031,
    "10,19": 40.312175,
    "10,20": 52.417588,
    "10,21": 58.656524,
    "10,22": 64.162471,
    "10,23": 65.450539,
    "10,24": 71.036669,
    "10,25": 80.193622,
    "10,26": 91.238152,
    "10,27": 86.347291,
    "10,28": 84.051027,
    "10,29": 81.662855,
    "10,30": 62.303432,
    "10,31": 57.782546,
    "10,32": 58.226463,
    "11,0": 42.167851,
    "11,1": 75.246827,
    "11,2": 79.308626,
    "11,3": 80.633054,
    "11,4": 60.858823,
    "11,5": 47.371645,
    "11,6": 31.337016,
    "11,7": 26.884183,
    "11,8": 19.688634,
    "11,9": 15.144655,
    "11,10": 8.850682,
    "11,11": 0.0,
    "11,12": 21.756201,
    "11,13": 18.118004,
    "11,14": 22.787993,
    "11,15": 15.006679,
    "11,16": 20.517217,
    "11,17": 29.785156,
    "11,18": 35.226814,
    "11,19": 31.505011,
    "11,20": 44.508062,
    "11,21": 50.337269,
    "11,22": 55.582929,
    "11,23": 57.972944,
    "11,24": 63.112489,
    "11,25": 72.103956,
    "11,26": 83.53457,
    "11,27": 79.060546,
    "11,28": 77.296256,
    "11,29": 75.933552,
    "11,30": 57.194987,
    "11,31": 53.521612,
    "11,32": 54.789525,
    "12,0": 32.271911,
    "12,1": 53.687604,
    "12,2": 57.578225,
    "12,3": 59.132558,
    "12,4": 39.110639,
    "12,5": 26.152001,
    "12,6": 15.82129,
    "12,7": 23.379438,
    "12,8": 18.157517,
    "12,9": 26.15997,
    "12,10": 23.923547,
    "12,11": 21.756201,
    "12,12": 0.0,
    "12,13": 9.298112,
    "12,14": 16.06328,
    "12,15": 28.834094,
    "12,16": 36.493367,
    "12,17": 45.049864,
    "12,18": 41.508553,
    "12,19": 35.205596,
    "12,20": 37.716481,
    "12,21": 45.742841,
    "12,22": 52.918405,
    "12,23": 47.874577,
    "12,24": 55.05725,
    "12,25": 64.653934,
    "12,26": 73.600501,
    "12,27": 67.368117,
    "12,28": 63.663285,
    "12,29": 59.371238,
    "12,30": 39.499557,
    "12,31": 34.248618,
    "12,32": 34.332054,
    "13,0": 40.93601,
    "13,1": 60.522648,
    "13,2": 62.954514,
    "13,3": 63.571695,
    "13,4": 44.853873,
    "13,5": 33.976203,
    "13,6": 24.97196,
    "13,7": 30.022756,
    "13,8": 23.454376,
    "13,9": 27.832219,
    "13,10": 23.600675,
    "13,11": 18.118004,
    "13,12": 9.298112,
    "13,13": 0.0,
    "13,14": 7.693916,
    "13,15": 20.730899,
    "13,16": 28.406887,
    "13,17": 36.493367,
    "13,18": 32.226563,
    "13,19": 25.997893,
    "13,20": 30.909342,
    "13,21": 38.386955,
    "13,22": 45.136699,
    "13,23": 42.713652,
    "13,24": 49.112911,
    "13,25": 58.589467,
    "13,26": 68.656992,
    "13,27": 63.219832,
    "13,28": 60.548226,
    "13,29": 58.16706,
    "13,30": 39.13348,
    "13,31": 35.447988,
    "13,32": 37.027028,
    "14,0": 48.258474,
    "14,1": 62.595671,
    "14,2": 63.505113,
    "14,3": 63.236028,
    "14,4": 46.131811,
    "14,5": 37.718472,
    "14,6": 31.861281,
    "14,7": 37.716481,
    "14,8": 31.104494,
    "14,9": 34.609899,
    "14,10": 29.735734,
    "14,11": 22.787993,
    "14,12": 16.06328,
    "14,13": 7.693916,
    "14,14": 0.0,
    "14,15": 19.945548,
    "14,16": 27.059705,
    "14,17": 33.832891,
    "14,18": 26.241596,
    "14,19": 19.619934,
    "14,20": 23.379437,
    "14,21": 30.711315,
    "14,22": 37.448164,
    "14,23": 35.763743,
    "14,24": 41.774193,
    "14,25": 51.173599,
    "14,26": 61.640638,
    "14,27": 56.611967,
    "14,28": 54.536551,
    "14,29": 53.418381,
    "14,30": 35.447988,
    "14,31": 33.167501,
    "14,32": 35.901401,
    "15,0": 55.71948,
    "15,1": 81.206981,
    "15,2": 83.08028,
    "15,3": 83.096429,
    "15,4": 65.281535,
    "15,5": 54.611755,
    "15,6": 42.512076,
    "15,7": 41.184582,
    "15,8": 33.782887,
    "15,9": 30.033243,
    "15,10": 23.671501,
    "15,11": 15.006679,
    "15,12": 28.834094,
    "15,13": 20.730899,
    "15,14": 19.945548,
    "15,15": 0.0,
    "15,16": 7.693916,
    "15,17": 16.396068,
    "15,18": 20.7309,
    "15,19": 18.34352,
    "15,20": 35.272683,
    "15,21": 39.286596,
    "15,22": 43.262374,
    "15,23": 49.542208,
    "15,24": 53.133379,
    "15,25": 61.398697,
    "15,26": 73.8548,
    "15,27": 70.628119,
    "15,28": 70.294954,
    "15,29": 71.412636,
    "15,30": 54.751521,
    "15,31": 53.04716,
    "15,32": 55.832514,
    "16,0": 62.386967,
    "16,1": 88.834245,
    "16,2": 90.47937,
    "16,3": 90.291864,
    "16,4": 72.806954,
    "16,5": 62.305607,
    "16,6": 49.843732,
    "16,7": 47.367353,
    "16,8": 40.082398,
    "16,9": 34.645476,
    "16,10": 28.387863,
    "16,11": 20.517217,
    "16,12": 36.493367,
    "16,13": 28.406887,
    "16,14": 27.059705,
    "16,15": 7.693916,
    "16,16": 0.0,
    "16,17": 9.298112,
    "16,18": 19.945549,
    "16,19": 20.167524,
    "16,20": 39.133481,
    "16,21": 41.731593,
    "16,22": 44.451559,
    "16,23": 53.418381,
    "16,24": 55.973843,
    "16,25": 63.566831,
    "16,26": 76.569529,
    "16,27": 74.144928,
    "16,28": 74.574136,
    "16,29": 76.762339,
    "16,30": 61.003062,
    "16,31": 59.836645,
    "16,32": 62.913267,
    "17,0": 71.677638,
    "17,1": 96.350531,
    "17,2": 97.18953,
    "17,3": 96.481041,
    "17,4": 79.964679,
    "17,5": 70.453626,
    "17,6": 58.897816,
    "17,7": 56.654245,
    "17,8": 49.378948,
    "17,9": 43.610399,
    "17,10": 37.440567,
    "17,11": 29.785156,
    "17,12": 45.049864,
    "17,13": 36.493367,
    "17,14": 33.832891,
    "17,15": 16.396068,
    "17,16": 9.298112,
    "17,17": 0.0,
    "17,18": 18.01904,
    "17,19": 21.317949,
    "17,20": 40.933524,
    "17,21": 41.64068,
    "17,22": 42.710357,
    "17,23": 54.747364,
    "17,24": 55.902753,
    "17,25": 62.486847,
    "17,26": 75.966513,
    "17,27": 74.612491,
    "17,28": 76.063429,
    "17,29": 79.763332,
    "17,30": 65.603791,
    "17,31": 65.385668,
    "17,32": 69.004779,
    "18,0": 72.549843,
    "18,1": 86.798358,
    "18,2": 85.619477,
    "18,3": 83.85183,
    "18,4": 69.826599,
    "18,5": 63.637549,
    "18,6": 57.159286,
    "18,7": 59.539492,
    "18,8": 52.169188,
    "18,9": 50.368865,
    "18,10": 44.065031,
    "18,11": 35.226814,
    "18,12": 41.508553,
    "18,13": 32.226563,
    "18,14": 26.241596,
    "18,15": 20.7309,
    "18,16": 19.945549,
    "18,17": 18.01904,
    "18,18": 0.0,
    "18,19": 6.816549,
    "18,20": 24.036064,
    "18,21": 23.683157,
    "18,22": 24.922182,
    "18,23": 37.200249,
    "18,24": 37.900781,
    "18,25": 44.553877,
    "18,26": 57.969981,
    "18,27": 56.65656,
    "18,28": 58.432164,
    "18,29": 63.098024,
    "18,30": 51.00443,
    "18,31": 52.304003,
    "18,32": 56.813772,
    "19,0": 66.717137,
    "19,1": 80.041317,
    "19,2": 79.076884,
    "19,3": 77.500779,
    "19,4": 63.092986,
    "19,5": 56.849273,
    "19,6": 50.967038,
    "19,7": 54.30909,
    "19,8": 47.04212,
    "19,9": 46.457784,
    "19,10": 40.312175,
    "19,11": 31.505011,
    "19,12": 35.205596,
    "19,13": 25.997893,
    "19,14": 19.619934,
    "19,15": 18.34352,
    "19,16": 20.167524,
    "19,17": 21.317949,
    "19,18": 6.816549,
    "19,19": 0.0,
    "19,20": 19.646899,
    "19,21": 21.570404,
    "19,22": 24.931935,
    "19,23": 33.66808,
    "19,24": 35.808832,
    "19,25": 43.508292,
    "19,26": 56.408748,
    "19,27": 54.09239,
    "19,28": 54.97155,
    "19,29": 58.467582,
    "19,30": 45.145932,
    "19,31": 45.972063,
    "19,32": 50.310436,
    "20,0": 69.485992,
    "20,1": 68.849293,
    "20,2": 65.307734,
    "20,3": 62.423247,
    "20,4": 51.956858,
    "20,5": 50.917813,
    "20,6": 52.481834,
    "20,7": 60.664925,
    "20,8": 54.34243,
    "20,9": 57.712708,
    "20,10": 52.417588,
    "20,11": 44.508062,
    "20,12": 37.716481,
    "20,13": 30.909342,
    "20,14": 23.379437,
    "20,15": 35.272683,
    "20,16": 39.133481,
    "20,17": 40.933524,
    "20,18": 24.036064,
    "20,19": 19.646899,
    "20,20": 0.0,
    "20,21": 8.507353,
    "20,22": 16.303694,
    "20,23": 14.319054,
    "20,24": 18.624218,
    "20,25": 27.849463,
    "20,26": 39.075692,
    "20,27": 35.357073,
    "20,28": 35.45756,
    "20,29": 39.075692,
    "20,30": 28.406886,
    "20,31": 31.623842,
    "20,32": 37.040524,
    "21,0": 77.733063,
    "21,1": 76.37323,
    "21,2": 72.048664,
    "21,3": 68.622837,
    "21,4": 59.65084,
    "21,5": 59.345894,
    "21,6": 60.769036,
    "21,7": 68.368994,
    "21,8": 61.813939,
    "21,9": 64.267213,
    "21,10": 58.656524,
    "21,11": 50.337269,
    "21,12": 45.742841,
    "21,13": 38.386955,
    "21,14": 30.711315,
    "21,15": 39.286596,
    "21,16": 41.731593,
    "21,17": 41.64068,
    "21,18": 23.683157,
    "21,19": 21.570404,
    "21,20": 8.507353,
    "21,21": 0.0,
    "21,22": 7.837152,
    "21,23": 14.420791,
    "21,24": 14.319054,
    "21,25": 22.113925,
    "21,26": 34.838736,
    "21,27": 32.977144,
    "21,28": 35.07277,
    "21,29": 41.428539,
    "21,30": 34.458679,
    "21,31": 38.756946,
    "21,32": 44.399422,
    "22,0": 85.072264,
    "22,1": 83.854538,
    "22,2": 79.090503,
    "22,3": 75.342138,
    "22,4": 67.240484,
    "22,5": 67.182267,
    "22,6": 68.17663,
    "22,7": 75.153272,
    "22,8": 68.400832,
    "22,9": 70.008203,
    "22,10": 64.162471,
    "22,11": 55.582929,
    "22,12": 52.918405,
    "22,13": 45.136699,
    "22,14": 37.448164,
    "22,15": 43.262374,
    "22,16": 44.451559,
    "22,17": 42.710357,
    "22,18": 24.922182,
    "22,19": 24.931935,
    "22,20": 16.303694,
    "22,21": 7.837152,
    "22,22": 0.0,
    "22,23": 19.193477,
    "22,24": 15.279111,
    "22,25": 19.881774,
    "22,26": 33.554587,
    "22,27": 33.742215,
    "22,28": 37.550931,
    "22,29": 45.842329,
    "22,30": 41.354371,
    "22,31": 46.146153,
    "22,32": 51.867407,
    "23,0": 77.950659,
    "23,1": 67.127692,
    "23,2": 61.08849,
    "23,3": 56.81283,
    "23,4": 51.284578,
    "23,5": 54.802541,
    "23,6": 61.035134,
    "23,7": 71.253683,
    "23,8": 65.575577,
    "23,9": 70.351654,
    "23,10": 65.450539,
    "23,11": 57.972944,
    "23,12": 47.874577,
    "23,13": 42.713652,
    "23,14": 35.763743,
    "23,15": 49.542208,
    "23,16": 53.418381,
    "23,17": 54.747364,
    "23,18": 37.200249,
    "23,19": 33.66808,
    "23,20": 14.319054,
    "23,21": 14.420791,
    "23,22": 19.193477,
    "23,23": 0.0,
    "23,24": 8.507353,
    "23,25": 17.588028,
    "23,26": 25.944168,
    "23,27": 21.188944,
    "23,28": 21.320261,
    "23,29": 27.059705,
    "23,30": 23.642358,
    "23,31": 29.811049,
    "23,32": 35.666171,
    "24,0": 85.789756,
    "24,1": 75.287604,
    "24,2": 68.754379,
    "24,3": 64.106011,
    "24,4": 59.651209,
    "24,5": 63.262003,
    "24,6": 68.798776,
    "24,7": 78.362138,
    "24,8": 72.370372,
    "24,9": 76.277941,
    "24,10": 71.036669,
    "24,11": 63.112489,
    "24,12": 55.05725,
    "24,13": 49.112911,
    "24,14": 41.774193,
    "24,15": 53.133379,
    "24,16": 55.973843,
    "24,17": 55.902753,
    "24,18": 37.900781,
    "24,19": 35.808832,
    "24,20": 18.624218,
    "24,21": 14.319054,
    "24,22": 15.279111,
    "24,23": 8.507353,
    "24,24": 0.0,
    "24,25": 9.603278,
    "24,26": 20.721457,
    "24,27": 18.862447,
    "24,28": 22.290476,
    "24,29": 31.481629,
    "24,30": 31.762582,
    "24,31": 38.212345,
    "24,32": 44.05491,
    "25,0": 95.347023,
    "25,1": 82.556923,
    "25,2": 75.077919,
    "25,3": 69.851765,
    "25,4": 67.540214,
    "25,5": 72.256299,
    "25,6": 78.369935,
    "25,7": 87.945312,
    "25,8": 81.905459,
    "25,9": 85.555985,
    "25,10": 80.193622,
    "25,11": 72.103956,
    "25,12": 64.653934,
    "25,13": 58.589467,
    "25,14": 51.173599,
    "25,15": 61.398697,
    "25,16": 63.566831,
    "25,17": 62.486847,
    "25,18": 44.553877,
    "25,19": 43.508292,
    "25,20": 27.849463,
    "25,21": 22.113925,
    "25,22": 19.881774,
    "25,23": 17.588028,
    "25,24": 9.603278,
    "25,25": 0.0,
    "25,26": 13.742887,
    "25,27": 16.107688,
    "25,28": 22.680581,
    "25,29": 34.554879,
    "25,30": 39.377269,
    "25,31": 46.356062,
    "25,32": 52.109184,
    "26,0": 102.687922,
    "26,1": 82.647775,
    "26,2": 73.50508,
    "26,3": 67.408571,
    "26,4": 69.348303,
    "26,5": 76.976389,
    "26,6": 86.028318,
    "26,7": 96.957694,
    "26,8": 91.446318,
    "26,9": 96.249376,
    "26,10": 91.238152,
    "26,11": 83.53457,
    "26,12": 73.600501,
    "26,13": 68.656992,
    "26,14": 61.640638,
    "26,15": 73.8548,
    "26,16": 76.569529,
    "26,17": 75.966513,
    "26,18": 57.969981,
    "26,19": 56.408748,
    "26,20": 39.075692,
    "26,21": 34.838736,
    "26,22": 33.554587,
    "26,23": 25.944168,
    "26,24": 20.721457,
    "26,25": 13.742887,
    "26,26": 0.0,
    "26,27": 8.876416,
    "26,28": 17.101127,
    "26,29": 30.273437,
    "26,30": 41.961799,
    "26,31": 49.591669,
    "26,32": 54.851163,
    "27,0": 95.426998,
    "27,1": 73.787087,
    "27,2": 64.644379,
    "27,3": 58.597042,
    "27,4": 60.669187,
    "27,5": 68.896149,
    "27,6": 79.002976,
    "27,7": 90.577909,
    "27,8": 85.427305,
    "27,9": 91.028717,
    "27,10": 86.347291,
    "27,11": 79.060546,
    "27,12": 67.368117,
    "27,13": 63.219832,
    "27,14": 56.611967,
    "27,15": 70.628119,
    "27,16": 74.144928,
    "27,17": 74.612491,
    "27,18": 56.65656,
    "27,19": 54.09239,
    "27,20": 35.357073,
    "27,21": 32.977144,
    "27,22": 33.742215,
    "27,23": 21.188944,
    "27,24": 18.862447,
    "27,25": 16.107688,
    "27,26": 8.876416,
    "27,27": 0.0,
    "27,28": 8.323988,
    "27,29": 21.520258,
    "27,30": 33.651041,
    "27,31": 41.334631,
    "27,32": 46.420591,
    "28,0": 90.178514,
    "28,1": 65.822628,
    "28,2": 56.429907,
    "28,3": 50.308307,
    "28,4": 53.260878,
    "28,5": 62.57297,
    "28,6": 74.160014,
    "28,7": 86.493427,
    "28,8": 81.820719,
    "28,9": 88.321906,
    "28,10": 84.051027,
    "28,11": 77.296256,
    "28,12": 63.663285,
    "28,13": 60.548226,
    "28,14": 54.536551,
    "28,15": 70.294954,
    "28,16": 74.574136,
    "28,17": 76.063429,
    "28,18": 58.432164,
    "28,19": 54.97155,
    "28,20": 35.45756,
    "28,21": 35.07277,
    "28,22": 37.550931,
    "28,23": 21.320261,
    "28,24": 22.290476,
    "28,25": 22.680581,
    "28,26": 17.101127,
    "28,27": 8.323988,
    "28,28": 0.0,
    "28,29": 13.198216,
    "28,30": 27.295013,
    "28,31": 34.945628,
    "28,32": 39.626275,
    "29,0": 82.581823,
    "29,1": 53.287219,
    "29,2": 43.415346,
    "29,3": 37.156127,
    "29,4": 42.001252,
    "29,5": 53.392121,
    "29,6": 67.548034,
    "29,7": 81.010245,
    "29,8": 77.251232,
    "29,9": 85.168052,
    "29,10": 81.662855,
    "29,11": 75.933552,
    "29,12": 59.371238,
    "29,13": 58.16706,
    "29,14": 53.418381,
    "29,15": 71.412636,
    "29,16": 76.762339,
    "29,17": 79.763332,
    "29,18": 63.098024,
    "29,19": 58.467582,
    "29,20": 39.075692,
    "29,21": 41.428539,
    "29,22": 45.842329,
    "29,23": 27.059705,
    "29,24": 31.481629,
    "29,25": 34.554879,
    "29,26": 30.273437,
    "29,27": 21.520258,
    "29,28": 13.198216,
    "29,29": 0.0,
    "29,30": 20.021314,
    "29,31": 26.740669,
    "29,32": 30.15979,
    "30,0": 63.205375,
    "30,1": 43.527993,
    "30,2": 37.747154,
    "30,3": 34.181789,
    "30,4": 28.169585,
    "30,5": 35.327192,
    "30,6": 47.71307,
    "30,7": 60.999392,
    "30,8": 57.267808,
    "30,9": 65.48338,
    "30,10": 62.303432,
    "30,11": 57.194987,
    "30,12": 39.499557,
    "30,13": 39.13348,
    "30,14": 35.447988,
    "30,15": 54.751521,
    "30,16": 61.003062,
    "30,17": 65.603791,
    "30,18": 51.00443,
    "30,19": 45.145932,
    "30,20": 28.406886,
    "30,21": 34.458679,
    "30,22": 41.354371,
    "30,23": 23.642358,
    "30,24": 31.762582,
    "30,25": 39.377269,
    "30,26": 41.961799,
    "30,27": 33.651041,
    "30,28": 27.295013,
    "30,29": 20.021314,
    "30,30": 0.0,
    "30,31": 7.693915,
    "30,32": 12.95821,
    "31,0": 55.911744,
    "31,1": 37.733089,
    "31,2": 33.757163,
    "31,3": 31.548168,
    "31,4": 21.484375,
    "31,5": 27.641215,
    "31,6": 40.857332,
    "31,7": 54.626786,
    "31,8": 51.444601,
    "31,9": 60.408503,
    "31,10": 57.782546,
    "31,11": 53.521612,
    "31,12": 34.248618,
    "31,13": 35.447988,
    "31,14": 33.167501,
    "31,15": 53.04716,
    "31,16": 59.836645,
    "31,17": 65.385668,
    "31,18": 52.304003,
    "31,19": 45.972063,
    "31,20": 31.623842,
    "31,21": 38.756946,
    "31,22": 46.146153,
    "31,23": 29.811049,
    "31,24": 38.212345,
    "31,25": 46.356062,
    "31,26": 49.591669,
    "31,27": 41.334631,
    "31,28": 34.945628,
    "31,29": 26.740669,
    "31,30": 7.693915,
    "31,31": 0.0,
    "31,32": 5.859375,
    "32,0": 52.697991,
    "32,1": 31.988167,
    "32,2": 28.819361,
    "32,3": 27.476553,
    "32,4": 15.625,
    "32,5": 23.256762,
    "32,6": 38.625615,
    "32,7": 52.978319,
    "32,8": 50.546951,
    "32,9": 60.266252,
    "32,10": 58.226463,
    "32,11": 54.789525,
    "32,12": 34.332054,
    "32,13": 37.027028,
    "32,14": 35.901401,
    "32,15": 55.832514,
    "32,16": 62.913267,
    "32,17": 69.004779,
    "32,18": 56.813772,
    "32,19": 50.310436,
    "32,20": 37.040524,
    "32,21": 44.399422,
    "32,22": 51.867407,
    "32,23": 35.666171,
    "32,24": 44.05491,
    "32,25": 52.109184,
    "32,26": 54.851163,
    "32,27": 46.420591,
    "32,28": 39.626275,
    "32,29": 30.15979,
    "32,30": 12.95821,
    "32,31": 5.859375,
    "32,32": 0.0
  }
}